outgoing,ingoing,time,added
https://docs.magento.com/user-guide/design/logo-upload.html,https://dinarys.com/blog/multi-vendor-marketplace-modules,0:02:29,bluestone.com
https://firebearstudio.com/blog/potatocommerce-js-css-compressor-image-optimization-magento-extension.html,https://dinarys.com/blog/dinarys-review-on-shopware-platform,0:02:29,coupons.de
https://store.shopware.com/en/extensions/developed-by-shopware/plugins/,https://dinarys.com/ecommerce-personalization-services,0:02:29,zerolag.com
https://www.deliverect.com/en/integrations/square,https://dinarys.com/custom-magento-development,0:02:29,yellowlab.tools
https://www.statista.com/topics/5163/jewelry-market-worldwide/,https://dinarys.com/blog/shopware-saas,0:02:29,post.at
https://business.adobe.com/products/magento/magento-commerce.html,https://dinarys.com/blog/flutter-vs-pwa-what-is-the-future-of-cross-platform-mobile-app-development,0:02:29,flightclub.com
https://ecommerce-platforms.com/ru/ecommerce-reviews/the-ultimate-magento-ecommerce-review-2015,https://dinarys.com/blog/supply-chain-innovations,0:02:29,corcoran.com
https://flutter.dev/web,https://dinarys.com/blog/how-to-create-a-peer-to-peer-marketplace,0:02:29,duematernity.com
https://www.bluestone.com/,https://dinarys.com/blog/top-essential-features-custom-ecommerce-websites,0:02:29,nestle-nespresso.com
https://www.nginx.com/,https://dinarys.com/blog/healthcare-mobile-app-development,0:02:29,enterprise.shopware.com
"https://www.idc.com/getdoc.jsp?containerId=prUS47513321#:~:text=NEEDHAM%2C%20Mass.%2C%20March%208,CO2)%20from%202021%20through%202024.",https://dinarys.com/blog/magento-pwa-an-advanced-solution-for-boosting-ux-of-your-magento-store,0:02:29,realfavicongenerator.net
https://magento.com/security,https://dinarys.com/blog/ecommerce-product-page,0:02:29,hellyhansen.com
https://www.brightlocal.com/research/local-consumer-review-survey/,https://dinarys.com/blog/dinarys-named-adobe-solution-partner,0:02:29,zokuhome.com
https://www.hongkiat.com/blog/breadcrumb-navigation-examined-best-practices-examples/,https://dinarys.com/blog/e-commerce-fulfillment-cost,0:02:29,boardroom.tv
https://api.authorize.net/xml/v1/schema/AnetApiSchema.xsd,https://dinarys.com/blog/migrate-from-shopify-to-woocommerce,0:02:29,tideways.com
https://docs.magento.com/m2/ce/user_guide/catalog/catalog-flat.html,https://dinarys.com/blog/how-to-simplify-your-ecommerce-site-security-with-new-magento-security-scan-tool,0:02:29,onport.com
https://web.dev/notifications/,https://dinarys.com/blog/7-b2b-ecommerce-payment-systems,0:02:29,lucidera.com
https://mobiforge.com/news-comment/safari-service-workers-and-other-pwa-good-news-stories,https://dinarys.com/blog/create-a-competitive-freelance-marketplace-like-upwork-or-fiverr,0:02:29,potatocommerce.com
https://twitter.com/jack/status/20,https://dinarys.com/pwa-development,0:02:29,green-cup-coffee.de
https://www.shopware.com/en/knowledge/webinars/,https://dinarys.com/blog/build-successful-retail-website-for-your-business,0:02:29,mytrivec.com
https://miro.medium.com/max/1920/1*CoC8Oa6JjA5KVX2lNktd1Q.png,https://dinarys.com/migrate-to-shopware-6,0:02:29,shopkeep.com
https://www.coupons.de/,https://dinarys.com/blog/how-to-make-your-own-website-to-sell-jewelry-online,0:02:29,omer-lifetime-value
https://business.adobe.com/products/magento/features.html,https://dinarys.com/blog/website-personalisation-tool,0:02:29,ebay.at
https://www.statista.com/statistics/242267/ebays-quarterly-gross-merchandise-volume-by-sales-format/,https://dinarys.com/blog/whats-in-store-episode-1-choosing-a-personalization-tool,0:02:29,holstee.com
https://www.emarketer.com/content/consumer-electronics-sales-powered-by-ecommerce,https://dinarys.com/blogs/m-commerce,0:02:29,jslint.com
https://www.statista.com/statistics/277125/share-of-website-traffic-coming-from-mobile-devices/,https://dinarys.com/blog/how-much-does-it-cost-to-build-an-ecommerce-website,0:02:29,getfirebug.com
https://www.emarketer.com/m/article.aspx?R=1014369&RewroteTitle=1-,https://dinarys.com/blog/which-platform-is-the-best-for-a-clothing-store,0:02:29,milanari.com
https://www.appstronauts.co/3-examples-of-successful-pwas-that-will-inspire-you/,https://dinarys.com/blog/best-multi-channel-ecommerce-platform,0:02:29,magmi.org
https://en.wikipedia.org/wiki/Pareto_principle,https://dinarys.com/blog/ecommerce-website-design,0:02:29,excelptp.com
https://whatwebcando.today/,https://dinarys.com/backendless,0:02:29,html5test.com
https://pagelocity.com/,https://dinarys.com/blog/shopware-cms-integration,0:02:29,budusushi.ua
https://flutter.dev/,https://dinarys.com/healthcare,0:02:29,paykun.com
https://www.deliverect.com/en/integrations/trivec,https://dinarys.com/blog/b2c-and-b2b-e-commerce,0:02:29,magemojo.com
https://marketplace.magento.com/themes.html,https://dinarys.com/services,0:02:29,planeteves.com
https://www.designrush.com/agency/hr-outsourcing/trends/peo-companies,https://dinarys.com/blogs/pim,0:02:29,vizio.com
https://www.shiftelearning.com/blog/bid/301248/15-facts-and-stats-that-reveal-the-power-of-elearning,https://dinarys.com/blog/how-much-does-it-cost-to-build-a-mobile-app-for-commerce,0:02:29,m2epro.com
https://themeforest.net/,https://dinarys.com/ecommerce-marketplace,0:02:29,
https://help.branch.io/using-branch/docs/spotlight-search,https://dinarys.com/blog/magento-seo-in-2020-8-best-practices-and-tools,0:02:29,
https://docs.shopware.com/en,https://dinarys.com/blog/shopware-vs-popular-ecommerce-platforms,0:02:29,
http://www.zerolag.com/,https://dinarys.com/blog/mistakes-accept-online-payments,0:02:29,
http://yslow.org/,https://dinarys.com/blog/how-ecommerce-business-can-increase-customer-lifetime-value,0:02:29,
https://www.invespcro.com/blog/e-commerce-abandonment-rates/,https://dinarys.com/blog/magento-2-b2b-feature-list-for-ecommerce,0:02:29,
https://baymard.com/lists/cart-abandonment-rate,https://dinarys.com/blog/website-vs-webapplication,0:02:29,
https://dyn.com/, https://dinarys.com/,0:02:29,
https://www.statista.com/topics/2477/online-shopping-behavior/,https://dinarys.com/ecommerce-consulting-services,0:02:29,
https://www.bing.com/toolbox/webmaster,https://dinarys.com/blog/how-to-reduce-and-manage-cloud-costs,0:02:29,
https://www.statista.com/statistics/272391/us-retail-e-commerce-sales-forecast/,https://dinarys.com/blog/ecommerce-berlin-expo-2018-review,0:02:29,
https://www.ibm.com/security/data-breach/,https://dinarys.com/magento-website-design,0:02:29,
https://www.shopware.com/en/products/shopware-6/,https://dinarys.com/custom-web-development,0:02:29,
https://www.upwork.com/press/releases/freelancers-union-and-upwork-release-new-study-revealing-insights-into-the-almost-54-million-people-freelancing-in-america,https://dinarys.com/blog/create-magento-2-payment-module,0:02:29,
https://pub.dev/packages/pwa,https://dinarys.com/blog/how-to-build-a-multi-vendor-marketplace-like-ebay-using-magento,0:02:29,
https://www.nosto.com/,https://dinarys.com/blog/functional-requirements-for-ecommerce-site,0:02:29,
https://yellowlab.tools/,https://dinarys.com/blog/how-to-create-an-ecommerce-website-in-magento,0:02:29,
https://www.pwc.com,https://dinarys.com/blog/what-is-pim,0:02:29,
https://dealroom.co/blog/fintech-and-online-marketplaces,https://dinarys.com/blog/best-magento-2-wysiwyg-editor-for-ecommerce,0:02:29,
https://divante.com/blog/la-nature-jewelry-ecommerce-with-short-mobile-loading-time/,https://dinarys.com/blog/how-to-build-an-auction-website-like-ebay,0:02:29,
https://eu.lindafarrow.com/,https://dinarys.com/blog/successful-two-sided-marketplace,0:02:29,
https://www.digitalcommerce360.com/article/global-marketplace-sales/,https://dinarys.com/blog/why-use-shopware-for-your-online-business,0:02:29,
https://marketplace.magento.com/webkul-pre-order.html,https://dinarys.com/blog/custom-shopify-theme-tutorial,0:02:29,
https://www.google.com.mt/intl/en/webmasters/#?modal_active=none,https://dinarys.com/blog/supply-chain-visualization-guide,0:02:29,
https://www.deliverect.com/integrations/uber-eats-integration,https://dinarys.com/blog/shopware-b2b,0:02:29,
http://localhost:3000/,https://dinarys.com/blog/magentoshopware-minimalist-ecommerce-themes,0:02:29,
https://blog.globalwebindex.com/trends/takeaway-food-delivery/,https://dinarys.com/blog/create-a-competitive-freelance-marketplace-like-upwork-or-fiverr#contents-3,0:02:29,
https://www.paypal.com/us/home,https://dinarys.com/blog/7-key-advantages-of-crm-for-e-commerce,0:02:29,
https://crypto.post.at/,https://dinarys.com/blog/marketplace-vs-your-own-e-commerce-website,0:02:29,
https://yslow.org/,https://dinarys.com/blog/10-main-reasons-redesign-ecommerce-website,0:02:29,
https://github.com/,https://dinarys.com/blog/how-to-create-a-pharmaceutical-website,0:02:29,
https://www.upwork.com/documents/freelance-forward-2020,https://dinarys.com/magento-commerce,0:02:29,
https://www.maplin.co.uk/,https://dinarys.com/supply-chain-software-development,0:02:29,
https://www.hostgator.com/,https://dinarys.com/ecommerce-performance-optimization,0:02:29,
https://gallery.mailchimp.com/6d358304da1845e18e6ad2f4a/files/SPOT_State_of_Abandonment_Carts_2016_V2.pdf,https://dinarys.com/blog/why-choose-magento-for-building-an-ecommerce-store,0:02:29,
https://store.webkul.com/shopware6-abandoned-cart.html,https://dinarys.com/blog/choosing-personalization-tools,0:02:29,
https://marketplace.magento.com/mageworx-module-layered-navigation-meta.html,https://dinarys.com/blog/how-to-start-baby-clothing-stores-online,0:02:29,
https://dribbble.com/,https://dinarys.com/blog/cloud-process-automation-for-saas-startups,0:02:29,
https://store.shopware.com/en/extensions/,https://dinarys.com/blog/magento-ecommerce-themes-for-your-store,0:02:29,
https://www.webpagetest.org/,https://dinarys.com/blog/how-to-start-your-online-pet-pharmacy,0:02:29,
https://developer.paypal.com/docs/integration/direct/express-checkout/integration-jsv4/set-up-a-payment/,https://dinarys.com/blog/7-most-important-ecommerce-business-metrics,0:02:29,
https://en.wikipedia.org/wiki/Retail,https://dinarys.com/blog/10-best-open-source-ecommerce-platforms-for-2018,0:02:29,
https://business.adobe.com/resources/main.html,https://dinarys.com/blog/create-a-magento-mobile-app,0:02:29,
https://vuestorefront.io/shopware,https://dinarys.com/blog/shopware-monitoring,0:02:29,
https://www.pcisecuritystandards.org/,https://dinarys.com/blog/nft-marketplace,0:02:29,
https://www.healthdesign.org/sites/default/files/color_in_hc_environ.pdf,https://dinarys.com/blog/shopware-enterprise,0:02:29,
https://blog.optimizely.com/2013/05/30/pro-tip-use-pro-tips-to-increase-conversions/,https://dinarys.com/blog/shopware-multi-vendor,0:02:29,
https://neilpatel.com/blog/loading-time/,https://dinarys.com/blog/magento-2-shipping-extension,0:02:29,
https://popupsmart.com/blog/what-is-a-good-conversion-rate,https://dinarys.com/blog/overview-of-magento-mail-service-for-bulk-and-transactional-mailings,0:02:29,
https://stripe.com/docs/api#tokens,https://dinarys.com/blog/how-to-optimize-website-for-mobile,0:02:29,
https://aromakava.ua/en/,https://dinarys.com/blog/how-to-grow-shopware,0:02:29,
https://trends.builtwith.com/shop/Magento,https://dinarys.com/blog/how-to-choose-the-right-enterprise-ecommerce-platform,0:02:29,
https://www.feedbackexpress.com/amazon-1029528-new-sellers-year-plus-stats/,https://dinarys.com/magento-to-magento2,0:02:29,
https://www.dropbox.com/,https://dinarys.com/blog/step-by-step-guide-on-shopware-migration,0:02:29,
https://marketplace.magento.com/,https://dinarys.com/blog/how-to-create-an-online-education-marketplace,0:02:29,
https://www.amazon.com/,https://dinarys.com/blog/top-magento-website-optimization-tools-techniques,0:02:29,
https://trends.builtwith.com/websitelist/Shopware,https://dinarys.com/blog/how-to-start-an-online-sports-store-and-marketplace,0:02:29,
https://www.flightclub.com/,https://dinarys.com/blog/7-reasons-integrate-marketing-automation-with-crm,0:02:29,
https://www.wsj.com/articles/amazon-scooped-up-data-from-its-own-sellers-to-launch-competing-products-11587650015,https://dinarys.com/budu-sushi/,0:02:29,
https://www.comscore.com/Insights/Presentations-and-Whitepapers/2017/The-2017-US-Mobile-App-Report?cs_edgescape_cc=US,https://dinarys.com/blog/magento-marketing-automation-integration,0:02:29,
https://www.corcoran.com/,https://dinarys.com/blogs/podcasts,0:02:29,
https://opensea.io/,https://dinarys.com/blog/how-to-plan-and-manage-e-commerce-projects,0:02:29,
http://www.duematernity.com/,https://dinarys.com/blog/how-to-build-a-food-delivery-website,0:02:29,
https://www.ebay.com/,https://dinarys.com/blog,0:02:29,
https://marketingplatform.google.com/about/analytics/,https://dinarys.com/blog/how-to-build-a-dropshipping-ecommerce-website,0:02:29,
https://www.magento.com/,https://dinarys.com/blog/how-to-build-a-magento-2-website,0:02:29,
https://community.magento.com/,https://dinarys.com/blog/how-to-speed-up-your-magento-website,0:02:29,
https://www.smartinsights.com/ecommerce/ecommerce-analytics/typical-average-add-cart-conversion-rates/,https://dinarys.com/blog/onport-interview,0:02:29,
https://smarter-ecommerce.com/blog/en/ecommerce/multi-channel-study-highlights-importance-of-ropo-effect/,https://dinarys.com/blog/6-tips-of-ecommerce-checkout-page-optimization-for-increase-sales,0:02:29,
https://gtmetrix.com/,https://dinarys.com/blog/customer-loyalty-programs-for-small-business-how-to-build-customer-loyalty,0:02:29,
https://www.binance.com/en/news/flash/6674652,https://dinarys.com/blog/best-headless-e-commerce-platforms,0:02:29,
https://varnish-cache.org/,https://dinarys.com/blog/pci-dss-and-gdpr,0:02:29,
https://store.shopware.com/en/swagnewsletter/smart-newsletter.html,https://dinarys.com/blog/e-marketplace-boom,0:02:29,
https://financesonline.com/supply-chain-statistics/,https://dinarys.com/blog/shopware-vs-magento-2-performance-testing-in-2020,0:02:29,
https://devdocs.magento.com/guides/v2.4/frontend-dev-guide/translations/xlate.html#m2devgde-xlate-languagepack,https://dinarys.com/blogs/shopware-platform,0:02:29,
https://www.shopify.com/,https://dinarys.com/,0:02:29,
https://www.cloudflare.com/,https://dinarys.com/blog/ecommerce-personalization-trends-to-follow,0:02:29,
https://www.dominos.com/index.intl.html,https://dinarys.com/blog/dinarys-gmbh-receives-new-review-on-clutch,0:02:29,
https://wallet.google.com/,https://dinarys.com/shopware,0:02:29,
https://getcomposer.org/download/,https://dinarys.com/blog/best-ecommerce-integration-solutions-for-your-clothing-store,0:02:29,
https://observatory.mozilla.org/,https://dinarys.com/blog/type-of-auction-and-key-features,0:02:29,
https://analytics.google.com/analytics/web/,https://dinarys.com/blog/shopware-6-how-to-extend-it-with-plugins,0:02:29,
https://www.ford.com/,https://dinarys.com/blog/personalization-vs-customization-in-ecommerce,0:02:29,
https://issuu.com/irevents/docs/irce_2015_preview_final,https://dinarys.com/blog/create-an-online-healthcare-marketplace,0:02:29,
https://www.apptrian.com/image-optimizer-for-magento,https://dinarys.com/blog/best-b2b-ecommerce-platform,0:02:29,
https://www.nestle-nespresso.com/,https://dinarys.com/portfolio,0:02:29,
https://www.inc.com/geoffrey-james/10-jobs-that-maybe-wont-exist-in-20-years.html,https://dinarys.com/blog/speed-test-tool,0:02:29,
https://neilpatel.com/,https://dinarys.com/blog/magento-payment-gateway-integration,0:02:29,
https://en.wikipedia.org/wiki/Man-in-the-middle_attack,https://dinarys.com/blog/how-to-launch-successful-ecommerce-website-the-ultimate-checklist,0:02:29,
https://tools.pingdom.com/,https://dinarys.com/blog/get-recognized-by-clutch-how-we-were-recognized-as-the-best-in-ukraine,0:02:29,
https://www.magereport.com/,https://dinarys.com/blog/shopware-6-vs-magento-2-can-the-new-player-dethrone-the-leading-cms,0:02:29,
https://www.oracle.com/,https://dinarys.com/blog/magento-vs-woocommerce-which-platform-is-best-for-your-business,0:02:29,
https://techcrunch.com/2016/11/01/mobile-internet-use-passes-desktop-for-the-first-time-study-finds/,https://dinarys.com/blog/magento-erp-system-integration,0:02:29,
https://thesocialelement.agency/how-is-social-shopping-changing-in-2020,https://dinarys.com/blog/magento-pim-integration,0:02:29,
https://docs.magento.com/m1/ce/user_guide/payment/paypal.html,https://dinarys.com/blog/e-commerce-merchandising,0:02:29,
https://www.shopware.com/en/products/faq/,https://dinarys.com/blog/integrate-payment-gatewa-in-your-ecommerce-website,0:02:29,
https://amasty.com/out-of-stock-notification-for-magento-2.html,https://dinarys.com/blog/e-commerce-vs-brick-and-mortar,0:02:29,
https://www.shopifyandyou.com/blogs/news/statistics-about-shopify,https://dinarys.com/blog/10-ecommerce-site-search-best-practices,0:02:29,
https://devdocs.magento.com/guides/v2.3/config-guide/varnish/config-varnish.html,https://dinarys.com/blog/official-pwa-for-shopware-6-or-how-to-make-your-customers-go-wow-in-2020,0:02:29,
https://www.statista.com/statistics/568735/e-commerce-website-visit-duration/,https://dinarys.com/blog/magento-interview-questions,0:02:29,
https://devdocs.magento.com/videos/fundamentals/create-a-new-module/,https://dinarys.com/blog/launching-an-e-commerce-app,0:02:29,
https://www.etsy.com/,https://dinarys.com/magento,0:02:29,
https://www.dotcom-tools.com/website-speed-test.aspx,https://dinarys.com/blog/how-to-measure-roi-for-ecommerce,0:02:29,
https://docs.enterprise.shopware.com/,https://dinarys.com/blog/mobile-website-or-app,0:02:29,
https://store.shopware.com/en/themes-templates/?p=3,https://dinarys.com/blog/shopware-payment-gateway,0:02:29,
https://jmeter.apache.org/,https://dinarys.com/clubcity,0:02:29,
https://developer.paypal.com/docs/classic/express-checkout/ec_integration/,https://dinarys.com/blog/10-tips-of-how-to-increase-e-commerce-sales-on-your-website,0:02:29,
https://clicky.com/,https://dinarys.com/blog/newegg-interview,0:02:29,
https://developer.authorize.net/hello_world/sandbox/,https://dinarys.com/blog/magento-vs-shopify-ecommerce-platforms-comparison,0:02:29,
https://www.samsung.com/us/,https://dinarys.com/blogs/interview,0:02:29,
https://www.farfetch.com/,https://dinarys.com/blog/a-full-guide-on-magento-migration-move-your-e-commerce-store-to-magento-from-any-platform,0:02:29,
https://www.browserling.com/,https://dinarys.com/blog/shopware-5-vs-6-comparing-features-and-benefits,0:02:29,
https://aws.amazon.com/codepipeline/,https://dinarys.com/blog/best-practices-for-pim,0:02:29,
https://www.digitalocean.com/,https://dinarys.com/blog/how-to-start-an-online-clothing-store-in-2022-step-by-step-guide,0:02:29,
https://www.shopping-cart-migration.com/supported-carts/55-magento,https://dinarys.com/blog/restaurant-pos-systems,0:02:29,
https://business.adobe.com/products/marketing-cloud/main.html,https://dinarys.com/blog/custom-module-development,0:02:29,
https://ecommerce-platforms.com/compare/best-ecommerce-platform-seo#more-2330,https://dinarys.com/ux-audit-services,0:02:29,
https://chrome.google.com/webstore/detail/postman/fhbjgbiflinjbdggehcddcbncdddomop?hl=en,https://dinarys.com/blog/pushnotificationssmsemail,0:02:29,
https://realfavicongenerator.net/,https://dinarys.com/blogs/magento-platform,0:02:29,
https://www.digitalcommerce360.com/article/infographic-top-online-marketplaces/,https://dinarys.com/blog/difference-between-responsive-and-adaptive-web-design,0:02:29,
https://www.rackspace.com/,https://dinarys.com/blog/interwiew-jane-and-evgeniikuralov,0:02:29,
https://store.webkul.com/magento2-marketplace-vendor-attribute.html,https://dinarys.com/blog/mobile-commerce,0:02:29,
https://color.adobe.com/,https://dinarys.com/blog/kubernetes-vs-aws-eks,0:02:29,
https://stripe.com/docs/stripe-js,https://dinarys.com/blog/create-ecommerce-store-with-shopify,0:02:29,
https://www.airship.com/app-experience-platform/pricing/,https://dinarys.com/blog/shopware-5-vs-6-comparing-features-and-benefits ,0:02:29,
https://store.shopware.com/en/extensions/the-best-seo-tools/,https://dinarys.com/blog/how-to-increase-ecommerce-traffic-and-get-more-leads,0:02:29,
https://www.statista.com/statistics/869224/worldwide-software-developer-working-hours/,https://dinarys.com/blog/10-best-practices-successful-ecommerce-homepage,0:02:29,
https://www.ipage.com/,https://dinarys.com/race-pro,0:02:29,
https://vuejs.org/,https://dinarys.com/blog/bigcommerce-vs-shopify,0:02:29,
https://docs.shopware.com/en/shopware-5-en/plugins/plugin-paypal,https://dinarys.com/blog/make-an-ecommerce-website-with-shopware,0:02:29,
https://marketplace.magento.com/microwebies-software-services-categorywidget.html,https://dinarys.com/blog/interview-jane-and-torsten-latussek,0:02:29,
https://webmaster.yandex.com/,https://dinarys.com/magento-2-development-company,0:02:29,
https://www.hellyhansen.com/,https://dinarys.com/blog/microservices,0:02:29,
https://www.cloudways.com/en/,https://dinarys.com/blog/how-to-build-a-marketplace-website,0:02:29,
https://en.wikipedia.org/wiki/Domain_name,https://dinarys.com/blog/how-to-build-an-electronic-device-store-or-marketplace,0:02:29,
https://uk.godaddy.com/domains%E2%80%8E,https://dinarys.com/blog/9-cloud-migration-risks-to-consider,0:02:29,
https://www.apachefriends.org/download.html,https://dinarys.com/blog/how-to-choose-the-best-ecommerce-shopping-cart,0:02:29,
https://www.getastra.com/blog/cms/magento-security/magento-security-report-by-astra-security/,https://dinarys.com/blog/opencart-to-magento-migration-a-step-by-step-guide,0:02:29,
https://aws.amazon.com/ru/blogs/apn/performance-testing-in-continuous-delivery-using-aws-codepipeline-and-blazemeter/,https://dinarys.com/blog/tips-to-choose-a-web-development-company,0:02:29,
https://en.wikipedia.org/wiki/Webpack,https://dinarys.com/blogs/ecommerce,0:02:29,
https://iwantmyname.com/,https://dinarys.com/blogs/marketplace,0:02:29,
https://www.shopping-cart-migration.com/,https://dinarys.com/blog/e-commerce-chatbots-why-you-need-them-for-your-online-store,0:02:29,
https://think.storage.googleapis.com/docs/mobile-page-speed-new-industry-benchmarks.pdf,https://dinarys.com/blog/b2b-wholesale-marketplace,0:02:29,
https://edtechreview.in/research/2605-survey-mcgraw-hill-education-digital-study-trends-student-habits,https://dinarys.com/blog/5-best-conversion-rate-optimization-tips,0:02:29,
https://www.zokuhome.com/,https://dinarys.com/blog/magento-1-to-magento-2-migration-the-reasons-the-benefits-and-the-migration-tutorial,0:02:29,
https://www.shopware.com/en/news/vue-storefront-the-pwa-for-shopware-6/,https://dinarys.com/blog/top-5-marketplace-trends,0:02:29,
https://www.investopedia.com/terms/c/chatbot.asp,,0:02:29,
https://www.websitetooltester.com/en/reviews/shopify/pricing/,,0:02:29,
https://www.scnsoft.com/ecommerce/marketplace-software,,0:02:29,
https://www.semrush.com/blog/2020-digital-marketing-trends-in-ecommerce/,,0:02:29,
https://boardroom.tv/opensea-nft-sale-surge/,,0:02:29,
https://www.statista.com/statistics/266136/global-market-share-held-by-smartphone-operating-systems/,,0:02:29,
https://skillscouter.com/online-learning-statistics/,,0:02:29,
https://www.cpcstrategy.com/blog/2013/11/demandware-review/,,0:02:29,
https://marketplace.magento.com/wyomind-pickupatstore-meta.html,,0:02:29,
https://github.com/philwinkle/Philwinkle_AppliedPatches,,0:02:29,
https://www.upwork.com/,,0:02:29,
https://tideways.com/,,0:02:29,
https://de.paulmann.com/,,0:02:29,
https://www.onport.com/,,0:02:29,
https://www.bk.com/,,0:02:29,
http://localhost/magento2,,0:02:29,
https://softwarekeep.com/help-center/how-to-start-your-own-email-list,,0:02:29,
https://www.accenture.com/us-en/insights/strategy/ukraine-future-supply-chains-europe,,0:02:29,
https://www.pharmacytimes.com/news/2020-trends-in-pharmacy-care-technology,,0:02:29,
https://go.wepay.com/,,0:02:29,
https://www.uber.com/ee/ru/,,0:02:29,
https://www.decisionlink.com/value-selling-ultimate-guide,,0:02:29,
https://www.mageplaza.com/magento-2-product-slider-extension/,,0:02:29,
https://lucidera.com/,,0:02:29,
https://www.fedex.com/en-us/home.html,,0:02:29,
https://www.liquidweb.com/,,0:02:29,
https://www.hostingadvice.com/how-to/how-much-should-i-pay-for-web-hosting/,,0:02:29,
https://www.linkedin.com/in/anthony-chow-53a7a08/,,0:02:29,
https://clutch.co/profile/dinarys-gmbh?utm_source=widget&utm_medium=2&utm_campaign=widget&utm_content=num_reviews#reviews,,0:02:29,
https://www.grammarly.com/1,,0:02:29,
https://www.activecampaign.com/,,0:02:29,
https://store.webkul.com/shopware6-marketplace-bulk-upload.html,,0:02:29,
https://jshint.com/,,0:02:29,
https://www.thebalance.com/let-s-ask-the-basic-question-what-is-ecommerce-1141599,,0:02:29,
https://onlineonly.christies.com/s/beeple-first-5000-days/beeple-b-1981-1/112924,,0:02:29,
https://firebase.google.com/pricing/,,0:02:29,
https://en.wikipedia.org/wiki/Edge_Side_Includes,,0:02:29,
https://www.scmp.com/magazines/style/tech-design/article/3123302/would-you-pay-us590000-meme-nyan-cat-just-sold-six,,0:02:29,
https://gopages.segment.com/rs/667-MPQ-382/images/State-of-personalization-report_reduced.pdf,,0:02:29,
https://en.wikipedia.org/wiki/Magento,,0:02:29,
https://vuestorefront.io/,,0:02:29,
https://www.businessinsider.com/mobile-commerce-shopping-trends-stats-2016-10,,0:02:29,
https://kinsta.com/wordpress-market-share/,,0:02:29,
https://www.statista.com/study/44442/in-depth-report-b2b-e-commerce/,,0:02:29,
https://www.shopping-cart-migration.com/shopping-cart-migration-options/871-opencart-to-magento-migration,,0:02:29,
https://web.dev/progressive-web-apps/,,0:02:29,
https://www.houseoffraser.co.uk/,,0:02:29,
https://www.insiderintelligence.com/articles/topics/retail-ecommerce?ECID=SOC1001,,0:02:29,
https://yegorshytikov.medium.com/shopware-vs-magento-2-performance-testing-f33a4cf54124,,0:02:29,
https://potatocommerce.com/image-optimizer-magento-2.html,,0:02:29,
https://store.shopware.com/en/themes-templates/?p=1,,0:02:29,
https://store.webkul.com/magento2-marketplace-vendor-quote.html,,0:02:29,
https://developers.google.com/speed/pagespeed/insights/,,0:02:29,
https://www.upwork.com/press/releases/freelancing-in-america-2017,,0:02:29,
https://www-01.ibm.com/software/globalization/,,0:02:29,
https://explodingtopics.com/blog/fintech-stats,,0:02:29,
https://www.green-cup-coffee.de/,,0:02:29,
https://www.homedepot.com/,,0:02:29,
https://mytrivec.com/,,0:02:29,
https://www.linkedin.com/company/dinarys-industry-llc/,,0:02:29,
https://www.statista.com/statistics/921593/gig-economy-number-of-freelancers-us/,,0:02:29,
https://www.facebook.com/Dinarys2014,,0:02:29,
https://enterprise.shopware.com/en/,,0:02:29,
https://www.statista.com/statistics/690887/leading-google-play-health-worldwide-downloads/,,0:02:29,
https://www.blazemeter.com/aws/,,0:02:29,
https://www.statista.com/statistics/387875/forecast-cagr-of-worldwide-digital-health-market-by-segment/,,0:02:29,
https://whatcms.org/c/Shopware,,0:02:29,
https://www.campaignmonitor.com/resources/guides/why-email/,,0:02:29,
https://www.appseconnect.com/10-things-people-love-about-magento-2/,,0:02:29,
https://marketplace.magento.com/webkul-module-marketplace.html,,0:02:29,
https://www.vuestorefront.io/live-projects/,,0:02:29,
https://magento.com/products/magento-commerce,,0:02:29,
https://www.shopkeep.com/blog/how-to-build-a-retail-website,,0:02:29,
https://www.invespcro.com/blog/e-commerce-product-videos/,,0:02:29,
https://www.crunchbase.com/organization/ordertalk,,0:02:29,
https://www.thebusinessresearchcompany.com/report/electronic-products-market,,0:02:29,
https://www.bloomberg.com/europe,,0:02:29,
https://www.uptrends.com/,,0:02:29,
https://business.adobe.com/products/experience-platform/adobe-experience-platform.html,,0:02:29,
https://www.usatoday.com/story/tech/2021/03/26/what-nft-art-beeple-sold-69-million-crypto-ethereum/7010716002/,,0:02:29,
http://www.doofinder.com?mktcod=OUTR,,0:02:29,
https://www.statista.com/statistics/806336/mobile-retail-commerce-share-worldwide/,,0:02:29,
"https://www.fera.ai/blog/posts/online-product-review-statistics-ecommerce-stores-need-them#:~:text=Product%20Reviews%20Build%20Trust&text=68%25%20of%20consumers%20won't,aren't%20any%20negative%20ones.",,0:02:29,
http://omer-lifetime-value,,0:02:29,
https://www.aliexpress.com/,,0:02:29,
https://www.statista.com/statistics/983737/number-mobile-contactless-payment-users-worldwide/,,0:02:29,
https://www.truefit.com/business,,0:02:29,
https://www.ebay.at/,,0:02:29,
https://en.wikipedia.org/wiki/Telehealth,,0:02:29,
https://www.akeneo.com/,,0:02:29,
https://rarible.com/,,0:02:29,
https://www.deliverect.com/integrations,,0:02:29,
https://amasty.com/automatic-related-products-for-magento-2.html,,0:02:29,
https://www.starbucks.com/,,0:02:29,
https://www.holstee.com/,,0:02:29,
https://www.jslint.com/,,0:02:29,
https://amasty.com/advanced-search-for-magento-2.html,,0:02:29,
https://procurementtactics.com/supply-chain-statistics/,,0:02:29,
https://en.wikipedia.org/wiki/Minification_(programming),,0:02:29,
https://www.dhl.com/us-en/home.html?locale=true,,0:02:29,
https://www.mckinsey.com/capabilities/growth-marketing-and-sales/our-insights/the-value-of-getting-personalization-right-or-wrong-is-multiplying,,0:02:29,
https://stripe.com/docs/js,,0:02:29,
https://www.emizentech.com/blog/best-practices-for-ecommerce-product-pages.html,,0:02:29,
https://store.shopware.com/en/netzp55675230632/blog-for-sw-6.html,,0:02:29,
https://store.webkul.com/shopware6-marketplace-hyperlocal-system.html,,0:02:29,
https://www.binance.com/en/nft/home,,0:02:29,
"https://trends.google.com/trends/explore?date=2017-01-01%202020-01-22&q=flutter,pwa",,0:02:29,
https://hostingfacts.com/internet-facts-stats-2016/,,0:02:29,
https://www.nytimes.com/2021/03/26/technology/nft-sale.html,,0:02:29,
https://neilpatel.com/blog/38-content-marketing-stats-that-every-marketer-needs-to-know/,,0:02:29,
"https://clevertap.com/blog/customer-lifetime-value/#:~:text=The%20probability%20of%20converting%20an,is%20between%2060%25%2D70%25.&text=Existing%20customers%20spend%2067%25%20more%20on%20average%20than%20new%20customers.&text=76%25%20of%20companies%20see%20CLV,important%20concept%20for%20their%20organization.",,0:02:29,
https://www.ubereats.com/,,0:02:29,
https://www.globenewswire.com/news-release/2017/02/06/914187/0/en/Global-E-Learning-Market-to-Reach-325-billion-by-2025-Rapid-Growth-in-Online-Content-Digitization-Innovations-in-Wearable-Technologies-are-Flourishing-the-E-learning-Industry.html,,0:02:29,
https://thrivemyway.com/online-marketplace-stats/,,0:02:29,
https://www.businesswire.com/news/home/20200511005687/en/Global-Online-Food-Delivery-Services-Market-2020,,0:02:29,
https://business.adobe.com/blog/the-latest/adobe-commerce-study-highlights-the-importance-of-personalized-experiences,,0:02:29,
https://getfirebug.com/,,0:02:29,
https://www.youtube.com/watch?v=tXp6PXfYAzc,,0:02:29,
https://moz.com/ugc/case-study-heres-how-moving-to-responsive-design-website-helped-our-brand,,0:02:29,
https://developers.google.com/web/fundamentals/performance/optimizing-content-efficiency/image-optimization,,0:02:29,
https://www.securepay.com.au/resources/faqs,,0:02:29,
https://blog.coursera.org/online-learners-around-world-report-benefits-ranging-advancing-careers-discovering-field-study-gaining-confidence/,,0:02:29,
https://www.youtube.com/watch?v=4U-Bl57T8TA,,0:02:29,
https://contentworks.agency/2021-storytelling-stats-you-need-to-know/,,0:02:29,
https://www.forbes.com/sites/catherineerdly/2022/01/17/resale-set-to-be-star-of-retail-in-2022-for-consumers-and-brands/?sh=1bb05b4c2689,,0:02:29,
https://www.kleinerperkins.com/perspectives/internet-trends-report-2018,,0:02:29,
https://table.skift.com/2018/05/15/uber-eats-doubles-down-on-pos-integration-with-ordertalk-acquisition/,,0:02:29,
https://en.wikipedia.org/wiki/EBay,,0:02:29,
https://www.websitebuilderexpert.com/designing-websites/how-to-choose-color-for-your-website/,,0:02:29,
https://en.wikipedia.org/wiki/Business-to-business,,0:02:29,
https://www.milanari.com/,,0:02:29,
https://devdocs.magento.com/guides/v2.4/install-gde/bk-install-guide.html,,0:02:29,
https://wiki.magmi.org/index.php?title=Magmi_Wiki,,0:02:29,
https://www.argos.co.uk/static/Product/partNumber/2664987.htm,,0:02:29,
https://stripe.com/en-hk,,0:02:29,
https://business.adobe.com/customer-success-stories/index.html,,0:02:29,
"https://www.excelptp.com/why-magento-developers-are-more-in-demand-for-ecommerce-platforms.html#:~:text=Being%20one%20of%20the%20unique,around%20the%20world%20in%202021.",,0:02:29,
https://www.bigcommerce.com/blog/ebay-success-stories/,,0:02:29,
https://dealroom.co/uploaded/2022/01/Dealroom-2021-marketplaces-report.pdf?x89374,,0:02:29,
https://html5test.com/,,0:02:29,
https://www.php.net/manual/en/book.opcache.php,,0:02:29,
https://www.appliancesonline.com.au/,,0:02:29,
https://www.statista.com/markets/413/e-commerce/,,0:02:29,
"https://www.recyclinglives.com/news/general/report-reveals-81-people-prefer-buy-sustainable-sellers#:~:text=Report%20reveals%20that%2081%25%20of,from%20sustainable%20sellers%20%2D%20Recycling%20Lives",,0:02:29,
https://www.paypal.com,,0:02:29,
https://www.statista.com/statistics/266282/annual-net-revenue-of-amazoncom/,,0:02:29,
https://www.producthunt.com/posts/vue-storefront-1-0,,0:02:29,
https://www.statista.com/statistics/779919/health-apps-available-google-play-worldwide/,,0:02:29,
https://store.shopware.com/en/dreis75949548131/shopware-cms-professional.html,,0:02:29,
https://budusushi.ua/,,0:02:29,
https://paykun.com/integration,,0:02:29,
https://magemojo.com/,,0:02:29,
https://www.statista.com/statistics/1039587/leading-online-marketplaces-by-cagr/,,0:02:29,
https://amasty.com/google-page-speed-optimizer-for-magento-2.html,,0:02:29,
https://explodingtopics.com/blog/iot-stats,,0:02:29,
https://www.forrester.com/blogs/marketplaces-make-their-mark-in-the-channel/,,0:02:29,
https://www.protocol80.com/blog/16-kick-ass-call-to-action-statistics-that-prove-ctas-are-essential,,0:02:29,
https://firebearstudio.com/improved-configurable-products-for-magento-2.html,,0:02:29,
https://www.fsrmagazine.com/fsr/executive-insights/delivery-apps-and-pos-systems-friends-or-rivals,,0:02:29,
https://www.forrester.com/blogs/transform-your-personalization-strategy-at-forresters-consumer-marking-forum/,,0:02:29,
https://devdocs.magento.com/guides/v2.4/release-notes/bk-release-notes.html,,0:02:29,
https://www.forbes.com/sites/martinzwilling/2013/01/14/get-a-domain-name-without-bankrupting-your-startup/#6ea8ac961ff6,,0:02:29,
https://www.newegg.com/sellers/index.php/ecommerce-platform-services/,,0:02:29,
https://ru.airbnb.com/?_set_bev_on_new_domain=1636480487_N2FlYjFmN2ZiYzI4,,0:02:29,
https://www.bluehost.com/wordpress/woocommerce-hosting/,,0:02:29,
https://www.planeteves.com/,,0:02:29,
https://goddess.com.ua/,,0:02:29,
https://devdocs.magento.com/guides/v2.3/install-gde/prereq/file-system-perms.html,,0:02:29,
https://www.dareboost.com/en,,0:02:29,
https://www.apple.com/,,0:02:29,
https://www.inriver.com/,,0:02:29,
https://www.designrush.com/agency/mobile-app-design-development/trends/app-development-guide,,0:02:29,
https://sebweo.com/ru/chto-takoe-magento-2/,,0:02:29,
https://medium.com/@firt/google-play-store-now-open-for-progressive-web-apps-ec6f3c6ff3cc,,0:02:29,
https://www.mamp.info/en/windows/,,0:02:29,
https://www.quora.com/What-is-the-best-domain-auction-website,,0:02:29,
https://blog.hubspot.com/marketing/what-is-call-to-action-faqs-ht,,0:02:29,
https://www.globenewswire.com/news-release/2019/06/26/1874373/0/en/Global-E-Learning-Virtual-Reality-Market-Will-Reach-Around-USD-1-478-Million-By-2027-Zion-Market-Research.html,,0:02:29,
https://amasty.com/seo-toolkit-for-magento-2.html,,0:02:29,
https://store.shopware.com/en/neti00659/click-collect-pickup-your-order-in-a-local-store-storepickup.html,,0:02:29,
https://www.nike.com/,,0:02:29,
https://symfony.com/,,0:02:29,
https://www.statista.com/statistics/242235/number-of-ebays-total-active-users/,,0:02:29,
https://www.expertmarket.com/pos/square-review,,0:02:29,
https://devdocs.magento.com/guides/v2.3/install-gde/system-requirements.html,,0:02:29,
https://www.poweredbysearch.com/blog/consumer-psychology-ecommerce-checkout/,,0:02:29,
https://builtwith.com/,,0:02:29,
https://t3n.de/news/e-commerce-deutschland-732239/,,0:02:29,
https://www.growcode.com/blog/ecommerce-conversion-rate/,,0:02:29,
https://w3techs.com/technologies/details/cm-magento/all/all,,0:02:29,
https://wordpress.org/plugins/tiny-compress-images/,,0:02:29,
http://localhost,,0:02:29,
https://www.vizio.com/,,0:02:29,
https://www.siteground.com/,,0:02:29,
https://geekflare.com/,,0:02:29,
https://en.wikipedia.org/wiki/Entity%E2%80%93attribute%E2%80%93value_model,,0:02:29,
https://www.lambdasolutions.net/guides-and-research/what-is-elearning-business-lf1,,0:02:29,
https://lucene.apache.org/,,0:02:29,
https://docs.magento.com/user-guide/cms/page-builder.html,,0:02:29,
https://developers.google.com/search/mobile-sites/mobile-first-indexing,,0:02:29,
https://www.statista.com/outlook/296/100/digital-payments/worldwide#marketStudy,,0:02:29,
"https://www.bbc.com/news/technology-56335948#:~:text=scale%20for%20me.%22-,Morons,you%20morons%20actually%20buy%20this.%22",,0:02:29,
https://blog.adobe.com/en/topics/cmo-by-adobe#gs.w552qc,,0:02:29,
https://www.godaddy.com/,,0:02:29,
https://www.washingtonpost.com/,,0:02:29,
https://m2epro.com/,,0:02:29,
https://www.deliverect.com/en/integrations/lightspeed,,0:02:29,
https://appinventiv.com/covid-19/,,0:02:29,
https://www.linkedin.com/in/jane-vyshnova/,,0:02:29,
https://linchpinseo.com/chatbot-statistics-trends/,,0:02:29,
https://pdfpiw.uspto.gov/.piw?docid=10505726&PageNum=1&&IDKey=DEF6196CEC57&HomeUrl=http://patft.uspto.gov/netacgi/nph-Parser?Sect1=PTO2%2526Sect2=HITOFF%2526p=1%2526u=%25252Fnetahtml%25252FPTO%25252Fsearch-bool.html%2526r=1%2526f=G%2526l=50%2526co1=AND%2526d=PTXT%2526s1=Nike%2526s2=Crypto%2526OS=Nike%252BAND%252BCrypto%2526RS=Nike%252BAND%252BCrypto,,0:02:29,
https://armworldwide.com/best-e-commerce-cms-for-your-online-business/,,0:02:29,
